1580320904.361466, -4.600000
1580320904.362122, -5.100000
1580320904.362576, -5.300000
1580320904.363005, -4.800000
1580320904.367537, -4.700000
1580320904.368025, -3.900000
1580320904.368495, -4.900000
1580320904.369209, -4.300000
1580320904.369699, -4.600000
1580320904.374003, -4.900000
1580320904.374485, -4.800000
1580320904.374938, -4.700000
1580320904.375351, -4.700000
1580320904.380252, -4.800000
1580320904.380720, -4.800000
1580320904.381143, -4.400000
1580320904.381557, -4.400000
1580320904.381968, -4.700000
1580320904.385465, -4.600000
1580320904.385892, -4.700000
1580320904.386303, -4.700000
1580320904.386716, -4.700000
1580320904.391717, -4.900000
1580320904.392182, -4.800000
1580320904.392605, -4.600000
1580320904.393013, -4.300000
1580320904.393420, -4.500000
1580320904.398183, -5.000000
1580320904.398604, -4.900000
1580320904.399377, -4.700000
1580320904.399830, -5.300000
1580320904.400239, -4.800000
1580320904.404699, -4.800000
1580320904.405127, -4.500000
1580320904.405536, -4.800000
1580320904.405946, -4.900000
1580320904.410912, -4.900000
1580320904.411392, -4.800000
1580320904.411819, -4.700000
1580320904.412232, -4.700000
1580320904.412640, -4.900000
1580320904.416126, -4.900000
1580320904.416548, -4.700000
1580320904.416960, -4.900000
1580320904.417365, -4.600000
1580320904.422379, -4.800000
1580320904.422846, -4.600000
1580320904.423270, -4.700000
1580320904.423683, -5.000000
1580320904.424090, -5.000000
1580320904.427592, -4.700000
1580320904.428023, -3.200000
1580320904.428435, -4.300000
1580320904.428939, -4.500000
1580320904.433836, -4.500000
1580320904.434273, -4.800000
1580320904.434690, -4.700000
1580320904.435098, -5.300000
1580320904.435506, -4.700000
1580320904.440315, -4.700000
1580320904.440779, -2.800000
1580320904.441200, -4.900000
1580320904.441618, -4.500000
1580320904.442028, -4.700000
1580320904.446869, -4.800000
1580320904.447302, -4.700000
1580320904.447722, -5.300000
1580320904.448135, -4.900000
1580320904.453036, -4.800000
1580320904.453487, -4.700000
1580320904.453905, -4.200000
1580320904.454317, -4.700000
1580320904.454726, -4.800000
1580320904.458242, -4.800000
1580320904.458719, -4.600000
1580320904.459193, -4.700000
1580320904.459621, -4.700000
1580320904.464515, -4.900000
1580320904.465067, -4.700000
1580320904.465535, -4.900000
1580320904.465992, -4.700000
1580320904.466450, -4.700000
1580320904.470984, -4.700000
1580320904.471533, -4.500000
1580320904.471997, -4.600000
1580320904.472445, -4.700000
1580320904.477216, -4.700000
1580320904.477663, -4.800000
1580320904.478084, -4.200000
1580320904.478521, -4.500000
1580320904.479120, -4.800000
1580320904.482437, -4.700000
1580320904.482944, -4.600000
1580320904.483411, -4.600000
1580320904.483833, -4.700000
1580320904.484301, -4.800000
1580320904.489096, -4.900000
1580320904.489604, -4.200000
1580320904.490065, -4.500000
1580320904.490522, -4.800000
1580320904.495163, -4.700000
1580320904.495694, -4.600000
1580320904.496154, -5.200000
1580320904.496594, -5.000000
1580320904.497041, -4.600000
1580320904.500399, -4.800000
1580320904.500969, -4.300000
1580320904.501470, -4.300000
1580320904.501932, -4.700000
1580320904.506637, -4.600000
1580320904.507151, -4.600000
1580320904.507626, -4.600000
1580320904.508108, -4.900000
1580320904.508565, -4.800000
1580320904.513100, -4.700000
1580320904.513641, -4.700000
1580320904.514117, -4.800000
1580320904.514564, -4.900000
1580320904.519354, -4.700000
1580320904.519925, -4.500000
1580320904.520400, -4.700000
1580320904.520853, -5.200000
1580320904.521303, -4.600000
1580320904.524570, -4.800000
1580320904.525094, -4.800000
1580320904.525564, -4.800000
1580320904.526057, -4.600000
1580320904.526510, -4.900000
1580320904.531184, -4.600000
1580320904.531697, -5.200000
1580320904.532148, -5.200000
1580320904.532583, -4.800000
1580320904.537287, -4.800000
1580320904.537814, -4.400000
1580320904.538272, -4.400000
1580320904.538787, -4.600000
1580320904.539291, -4.700000
1580320904.543755, -4.700000
1580320904.544240, -5.400000
1580320904.544708, -4.600000
1580320904.545158, -4.600000
1580320904.550011, -4.600000
1580320904.550523, -4.800000
1580320904.550945, -4.800000
1580320904.551356, -4.800000
1580320904.551769, -4.700000
1580320904.555224, -4.600000
1580320904.555745, -4.600000
1580320904.556203, -4.700000
1580320904.556651, -4.900000
1580320904.561476, -4.800000
1580320904.562030, -4.400000
1580320904.562537, -4.200000
1580320904.563001, -4.600000
1580320904.563451, -4.800000
1580320904.566690, -4.800000
1580320904.567194, -4.600000
1580320904.567692, -4.700000
1580320904.568182, -4.100000
1580320904.568648, -4.700000
1580320904.573230, -4.200000
1580320904.573728, -4.800000
1580320904.574184, -4.800000
1580320904.574634, -4.700000
1580320904.579423, -4.700000
1580320904.579987, -4.900000
1580320904.580456, -4.700000
1580320904.580904, -4.800000
1580320904.581350, -4.700000
1580320904.585882, -4.000000
1580320904.586384, -4.800000
1580320904.586836, -4.800000
1580320904.587283, -5.000000
1580320904.592132, -4.900000
1580320904.592649, -5.500000
1580320904.593114, -4.600000
1580320904.593534, -4.600000
1580320904.593938, -4.700000
1580320904.597336, -4.600000
1580320904.597765, -4.800000
1580320904.598174, -4.800000
1580320904.598583, -4.600000
1580320904.603611, -4.800000
1580320904.604179, -4.600000
1580320904.604669, -4.600000
1580320904.605121, -4.600000
1580320904.605573, -4.800000
1580320904.610072, -4.400000
1580320904.610579, -4.900000
1580320904.611033, -4.900000
1580320904.611482, -4.700000
1580320904.611960, -4.800000
1580320904.616615, -4.600000
1580320904.617094, -4.600000
1580320904.617544, -5.300000
1580320904.617987, -4.800000
1580320904.622798, -4.800000
1580320904.623324, -4.400000
1580320904.623784, -4.200000
1580320904.624213, -4.600000
1580320904.624629, -4.700000
1580320904.628014, -4.600000
1580320904.628547, -4.500000
1580320904.629127, -4.600000
1580320904.629595, -4.800000
1580320904.634259, -4.700000
1580320904.634774, -4.500000
1580320904.635224, -4.500000
1580320904.635664, -4.700000
1580320904.636115, -4.600000
1580320904.639473, -4.600000
1580320904.639990, -5.200000
1580320904.640453, -5.800000
1580320904.640885, -4.700000
1580320904.645730, -4.700000
1580320904.646262, -4.900000
1580320904.646721, -4.800000
1580320904.647180, -4.600000
1580320904.647651, -4.700000
1580320904.652203, -4.900000
1580320904.652755, -4.700000
1580320904.653225, -4.800000
1580320904.653668, -4.800000
1580320904.654110, -4.800000
1580320904.658806, -4.400000
1580320904.659316, -4.600000
1580320904.659813, -4.700000
1580320904.660267, -4.600000
1580320904.664914, -4.900000
1580320904.665436, -4.700000
1580320904.665907, -4.700000
1580320904.666354, -4.800000
1580320904.666799, -4.700000
1580320904.670159, -4.400000
1580320904.670709, -4.700000
1580320904.671199, -4.800000
1580320904.671662, -4.800000
1580320904.676373, -4.600000
1580320904.676855, -5.200000
1580320904.677335, -5.100000
1580320904.677804, -4.800000
1580320904.678286, -4.900000
1580320904.682854, -4.300000
1580320904.683368, -4.300000
1580320904.683837, -4.300000
1580320904.684302, -4.800000
1580320904.689097, -4.800000
1580320904.689605, -4.600000
1580320904.690072, -4.700000
1580320904.690539, -4.900000
1580320904.690963, -4.800000
1580320904.694323, -4.400000
1580320904.694833, -4.500000
1580320904.695263, -4.700000
1580320904.695668, -4.600000
1580320904.696077, -5.100000
1580320904.700893, -5.400000
1580320904.701340, -4.900000
1580320904.701758, -5.500000
1580320904.702166, -4.800000
1580320904.707031, -4.300000
1580320904.707455, -4.300000
1580320904.707868, -4.800000
1580320904.708271, -4.800000
1580320904.708744, -5.200000
1580320904.712249, -4.900000
1580320904.712686, -5.300000
1580320904.713107, -4.800000
1580320904.713517, -4.800000
1580320904.718503, -4.500000
1580320904.718999, -4.300000
1580320904.719470, -4.600000
1580320904.719895, -4.600000
1580320904.720317, -4.600000
1580320904.724965, -4.600000
1580320904.725397, -4.700000
1580320904.725817, -4.800000
1580320904.726232, -4.800000
1580320904.731219, -4.400000
1580320904.731677, -4.800000
1580320904.732093, -4.900000
1580320904.732497, -4.700000
1580320904.732903, -4.500000
1580320904.736431, -4.700000
1580320904.736861, -5.400000
1580320904.737279, -4.900000
1580320904.737689, -4.900000
1580320904.738097, -4.500000
1580320904.743002, -4.300000
1580320904.743451, -4.700000
1580320904.743868, -4.700000
1580320904.744284, -4.500000
1580320904.749162, -4.600000
1580320904.749617, -4.600000
1580320904.750035, -4.700000
1580320904.750451, -4.000000
1580320904.750861, -4.800000
1580320904.755623, -4.900000
1580320904.756052, -4.800000
1580320904.756460, -4.700000
1580320904.756867, -4.700000
1580320904.760631, -4.700000
1580320904.761113, -4.700000
1580320904.761538, -4.800000
1580320904.761958, -4.900000
1580320904.762368, -4.400000
1580320904.767097, -4.800000
1580320904.767528, -4.800000
1580320904.767945, -4.600000
1580320904.768355, -5.100000
1580320904.773355, -4.600000
1580320904.773926, -4.600000
1580320904.774369, -4.800000
1580320904.774782, -4.600000
1580320904.775184, -4.200000
1580320904.778564, -4.800000
1580320904.779053, -4.800000
1580320904.779483, -4.600000
1580320904.779892, -4.800000
1580320904.780304, -4.600000
1580320904.785151, -4.700000
1580320904.785584, -4.900000
1580320904.786004, -4.800000
1580320904.786413, -4.500000
1580320904.791281, -4.400000
1580320904.791745, -4.700000
1580320904.792159, -4.700000
1580320904.792565, -4.800000
1580320904.792977, -4.600000
1580320904.797742, -4.600000
1580320904.798166, -4.600000
1580320904.798577, -4.800000
1580320904.799085, -2.700000
1580320904.803993, -4.800000
1580320904.804423, -4.800000
1580320904.804859, -4.900000
1580320904.805393, -4.600000
1580320904.805833, -4.500000
1580320904.809243, -4.600000
1580320904.809800, -4.800000
1580320904.810236, -4.800000
1580320904.810645, -4.800000
1580320904.815484, -4.400000
1580320904.816042, -4.600000
1580320904.816495, -4.700000
1580320904.816904, -4.800000
1580320904.817311, -4.600000
1580320904.820692, -5.200000
1580320904.821148, -4.800000
1580320904.821570, -4.800000
1580320904.821979, -4.800000
1580320904.822384, -5.000000
1580320904.827262, -4.700000
1580320904.827754, -4.700000
1580320904.828203, -4.800000
1580320904.828654, -4.600000
1580320904.833410, -4.700000
1580320904.833898, -4.700000
1580320904.834360, -4.700000
1580320904.834792, -4.600000
1580320904.835203, -4.300000
1580320904.839886, -4.500000
1580320904.840335, -4.700000
1580320904.840750, -4.800000
1580320904.841163, -5.100000
1580320904.846139, -5.300000
1580320904.846691, -5.400000
1580320904.847168, -4.800000
1580320904.847619, -4.800000
1580320904.848064, -4.300000
1580320904.851347, -4.600000
1580320904.851852, -4.800000
1580320904.852305, -4.800000
1580320904.852768, -4.700000
1580320904.857591, -4.600000
1580320904.858044, -4.600000
1580320904.858468, -4.700000
1580320904.859000, -2.600000
1580320904.859445, -4.800000
1580320904.864073, -4.900000
1580320904.864610, -4.800000
1580320904.865082, -4.800000
1580320904.865538, -4.700000
1580320904.865997, -4.700000
1580320904.870638, -4.600000
1580320904.871120, -4.600000
1580320904.871573, -4.200000
1580320904.872022, -4.300000
1580320904.876779, -4.300000
1580320904.877215, -4.700000
1580320904.877632, -4.800000
1580320904.878052, -4.500000
1580320904.878467, -4.700000
1580320904.882004, -4.900000
1580320904.882456, -4.700000
1580320904.882873, -4.700000
1580320904.883285, -4.900000
1580320904.888243, -4.600000
1580320904.888741, -4.600000
1580320904.889210, -4.700000
1580320904.889627, -5.200000
1580320904.890044, -5.400000
1580320904.893480, -5.300000
1580320904.894037, -4.700000
1580320904.894507, -4.900000
1580320904.894966, -4.300000
1580320904.899721, -4.600000
1580320904.900272, -4.700000
1580320904.900736, -4.700000
1580320904.901182, -4.600000
1580320904.901642, -4.700000
1580320904.906211, -4.700000
1580320904.906738, -4.800000
1580320904.907210, -4.800000
1580320904.907659, -4.300000
1580320904.908107, -4.900000
1580320904.912780, -4.900000
1580320904.913276, -4.700000
1580320904.913730, -4.700000
1580320904.914181, -4.600000
1580320904.918920, -4.600000
1580320904.919474, -4.800000
1580320904.919948, -3.000000
1580320904.920401, -4.300000
1580320904.920896, -4.600000
1580320904.924130, -4.800000
1580320904.924653, -4.900000
1580320904.925125, -4.700000
1580320904.925619, -5.400000
1580320904.930389, -4.900000
1580320904.930947, -4.700000
1580320904.931417, -4.600000
1580320904.931870, -4.900000
1580320904.932326, -4.800000
1580320904.936849, -4.700000
1580320904.937363, -4.700000
1580320904.937826, -4.900000
1580320904.938275, -4.600000
1580320904.943101, -4.600000
1580320904.943668, -4.600000
1580320904.944143, -4.800000
1580320904.944591, -4.800000
1580320904.945043, -4.900000
1580320904.948310, -4.600000
1580320904.948881, -4.800000
1580320904.949363, -4.600000
1580320904.949831, -4.800000
1580320904.950284, -4.800000
1580320904.954870, -4.800000
1580320904.955371, -4.600000
1580320904.955832, -4.300000
1580320904.956277, -4.600000
1580320904.961039, -4.600000
1580320904.961575, -4.800000
1580320904.962071, -4.600000
1580320904.962534, -4.600000
1580320904.962984, -5.200000
1580320904.966246, -4.800000
1580320904.966752, -4.800000
1580320904.967256, -4.800000
1580320904.967747, -4.900000
1580320904.972513, -4.700000
1580320904.973054, -4.600000
1580320904.973514, -4.600000
1580320904.973973, -4.800000
1580320904.974419, -4.900000
1580320904.978981, -4.700000
1580320904.979532, -4.400000
1580320904.980004, -4.200000
1580320904.980454, -4.600000
1580320904.985218, -4.700000
1580320904.985727, -4.800000
1580320904.986184, -4.600000
1580320904.986645, -5.300000
1580320904.987097, -5.000000
1580320904.990442, -4.600000
1580320904.990950, -4.800000
1580320904.991412, -4.400000
1580320904.991845, -4.500000
1580320904.992260, -4.700000
1580320904.996983, -4.700000
1580320904.997473, -5.300000
1580320904.997943, -5.200000
1580320904.998405, -4.600000
1580320905.003177, -4.700000
1580320905.003774, -4.400000
1580320905.004295, -4.300000
1580320905.004773, -4.500000
1580320905.005243, -4.700000
1580320905.009641, -4.800000
1580320905.010206, -5.200000
1580320905.010671, -5.400000
1580320905.011121, -5.000000
1580320905.015876, -4.600000
1580320905.016373, -4.600000
1580320905.016844, -4.300000
1580320905.017292, -4.600000
1580320905.017740, -4.700000
1580320905.021094, -4.600000
1580320905.021587, -4.600000
1580320905.022040, -5.200000
1580320905.022470, -4.700000
1580320905.027338, -4.700000
1580320905.027782, -5.000000
1580320905.028202, -4.900000
1580320905.028611, -4.700000
1580320905.029111, -4.700000
1580320905.032570, -4.800000
1580320905.033093, -4.600000
1580320905.033549, -4.800000
1580320905.034017, -4.600000
1580320905.034479, -4.700000
1580320905.039108, -4.300000
1580320905.039628, -4.800000
1580320905.040084, -4.800000
1580320905.040518, -4.600000
1580320905.045284, -4.800000
1580320905.045810, -4.600000
1580320905.046266, -4.700000
1580320905.046717, -4.700000
1580320905.047164, -5.000000
1580320905.051772, -4.700000
1580320905.052342, -4.300000
1580320905.052825, -4.400000
1580320905.053271, -4.600000
1580320905.058006, -4.800000
1580320905.058537, -4.800000
1580320905.059066, -4.700000
1580320905.059548, -4.600000
1580320905.060001, -4.900000
1580320905.063212, -4.600000
1580320905.063686, -5.000000
1580320905.064154, -4.900000
1580320905.064643, -4.700000
1580320905.069483, -4.700000
1580320905.070061, -4.800000
1580320905.070529, -4.600000
1580320905.070982, -4.700000
1580320905.071433, -4.800000
1580320905.074722, -4.600000
1580320905.075253, -4.700000
1580320905.075747, -4.800000
1580320905.076200, -4.500000
1580320905.076663, -4.800000
1580320905.081311, -4.600000
1580320905.081815, -4.500000
1580320905.082270, -4.600000
1580320905.082723, -4.600000
1580320905.087414, -4.800000
1580320905.087948, -4.800000
1580320905.088413, -4.200000
1580320905.088979, -4.500000
1580320905.089473, -4.600000
1580320905.093878, -5.000000
1580320905.094385, -5.200000
1580320905.094840, -4.600000
1580320905.095296, -4.700000
1580320905.100133, -4.800000
1580320905.100684, -4.800000
1580320905.101151, -4.900000
1580320905.101597, -4.600000
1580320905.102039, -4.800000
1580320905.105343, -4.700000
1580320905.105823, -4.700000
1580320905.106268, -4.600000
1580320905.106740, -4.900000
1580320905.111611, -4.900000
1580320905.112188, -4.500000
1580320905.112660, -4.300000
1580320905.113112, -4.600000
1580320905.113586, -4.800000
1580320905.118066, -4.600000
1580320905.118582, -5.200000
1580320905.119133, -5.000000
1580320905.119629, -4.700000
1580320905.120089, -4.200000
1580320905.124649, -5.000000
1580320905.125147, -4.200000
1580320905.125607, -4.700000
1580320905.126054, -4.700000
1580320905.130797, -4.700000
1580320905.131326, -5.200000
1580320905.131784, -4.700000
1580320905.132227, -4.700000
1580320905.132679, -4.900000
1580320905.135996, -4.300000
1580320905.136462, -4.900000
1580320905.136910, -4.900000
1580320905.137358, -4.800000
1580320905.142260, -4.700000
1580320905.142781, -5.300000
1580320905.143239, -5.000000
1580320905.143668, -4.800000
1580320905.144082, -3.600000
1580320905.147482, -4.900000
1580320905.148008, -5.000000
1580320905.148472, -4.900000
1580320905.149020, -4.800000
1580320905.153721, -4.600000
1580320905.154243, -4.700000
1580320905.154699, -4.600000
1580320905.155147, -4.700000
1580320905.155598, -4.800000
1580320905.160201, -4.300000
1580320905.160763, -4.400000
1580320905.161233, -4.700000
1580320905.161683, -4.600000
1580320905.162134, -4.600000
1580320905.166792, -4.500000
1580320905.167285, -4.600000
1580320905.167740, -4.700000
1580320905.168201, -3.900000
1580320905.172915, -5.000000
1580320905.173455, -4.800000
1580320905.173919, -4.600000
1580320905.174365, -4.700000
1580320905.174812, -4.500000
1580320905.178133, -4.700000
1580320905.178636, -4.700000
1580320905.179190, -5.200000
1580320905.179661, -4.300000
1580320905.184380, -4.900000
1580320905.184905, -4.900000
1580320905.185373, -4.800000
1580320905.185830, -4.800000
1580320905.186275, -6.100000
1580320905.190859, -4.600000
1580320905.191368, -4.800000
1580320905.191822, -4.800000
1580320905.192271, -4.100000
1580320905.197088, -4.900000
1580320905.197530, -4.400000
1580320905.197947, -4.700000
1580320905.198357, -4.600000
1580320905.198827, -4.600000
1580320905.202314, -4.600000
1580320905.202748, -4.600000
1580320905.203161, -4.800000
1580320905.203563, -4.800000
1580320905.204009, -4.400000
1580320905.208976, -4.800000
1580320905.209523, -4.900000
1580320905.209988, -4.900000
1580320905.210431, -4.700000
1580320905.215038, -4.600000
1580320905.215532, -4.500000
1580320905.215986, -4.700000
1580320905.216428, -4.800000
1580320905.216879, -4.900000
1580320905.220252, -4.600000
1580320905.220772, -4.800000
1580320905.221237, -4.600000
1580320905.221692, -4.500000
1580320905.226504, -4.600000
1580320905.226986, -4.700000
1580320905.227421, -4.600000
1580320905.227840, -4.700000
1580320905.228257, -4.900000
1580320905.232967, -4.700000
1580320905.233415, -4.700000
1580320905.233835, -4.700000
1580320905.234244, -4.600000
1580320905.239216, -4.600000
1580320905.239688, -4.700000
1580320905.240108, -4.700000
1580320905.240513, -3.800000
1580320905.240924, -4.900000
1580320905.244428, -4.500000
1580320905.244853, -4.700000
1580320905.245264, -4.800000
1580320905.245677, -4.600000
1580320905.246080, -5.300000
1580320905.251008, -4.800000
1580320905.251476, -4.900000
1580320905.251895, -4.500000
1580320905.252307, -4.300000
1580320905.257149, -4.000000
1580320905.257574, -4.800000
1580320905.257993, -5.000000
1580320905.258401, -4.800000
1580320905.258867, -4.700000
1580320905.263619, -4.900000
1580320905.264049, -4.800000
1580320905.264454, -4.600000
1580320905.264864, -4.300000
1580320905.268616, -3.900000
1580320905.269127, -4.800000
1580320905.269552, -4.900000
1580320905.269962, -4.700000
1580320905.270369, -4.500000
1580320905.275082, -4.600000
1580320905.275505, -4.800000
1580320905.275922, -4.400000
1580320905.276340, -4.300000
1580320905.281345, -4.600000
1580320905.281883, -4.800000
1580320905.282310, -4.800000
1580320905.282716, -4.600000
1580320905.283129, -4.600000
1580320905.286579, -4.600000
1580320905.287140, -4.800000
1580320905.287615, -4.900000
1580320905.288032, -4.900000
1580320905.288441, -4.600000
1580320905.293126, -4.800000
1580320905.293651, -4.700000
1580320905.294105, -5.300000
1580320905.294605, -5.200000
1580320905.299297, -4.800000
1580320905.299880, -4.700000
1580320905.300354, -4.200000
1580320905.300806, -4.500000
1580320905.301256, -4.600000
1580320905.305753, -4.800000
1580320905.306262, -4.700000
1580320905.306717, -5.400000
1580320905.307171, -5.100000
1580320905.312005, -4.800000
1580320905.312559, -4.800000
1580320905.313026, -4.300000
1580320905.313462, -4.400000
1580320905.313912, -4.600000
1580320905.317227, -4.600000
1580320905.317751, -4.700000
1580320905.318241, -5.300000
1580320905.318757, -4.700000
1580320905.323485, -4.800000
1580320905.324029, -4.600000
1580320905.324492, -4.300000
1580320905.324940, -4.900000
1580320905.325396, -4.800000
1580320905.328790, -4.900000
1580320905.329354, -5.300000
1580320905.329841, -5.300000
1580320905.330284, -4.800000
1580320905.330735, -4.700000
1580320905.335279, -4.400000
1580320905.335738, -4.400000
1580320905.336191, -4.600000
1580320905.336641, -4.700000
1580320905.341411, -4.900000
1580320905.341895, -4.600000
1580320905.342319, -5.300000
1580320905.342728, -4.900000
1580320905.343133, -4.800000
1580320905.347867, -4.200000
1580320905.348290, -4.900000
1580320905.348802, -4.900000
1580320905.349374, -4.800000
1580320905.354120, -4.600000
1580320905.354639, -4.600000
1580320905.355091, -4.600000
1580320905.355526, -4.600000
1580320905.355972, -4.800000
1580320905.359352, -4.900000
1580320905.359918, -4.900000
1580320905.360408, -4.700000
1580320905.360859, -4.600000
1580320905.365603, -4.600000
1580320905.366125, -4.500000
1580320905.366575, -4.700000
1580320905.367048, -4.600000
1580320905.367524, -4.700000
1580320905.372069, -4.800000
1580320905.372616, -4.800000
1580320905.373119, -4.600000
1580320905.373577, -4.700000
1580320905.374018, -4.600000
1580320905.378658, -4.500000
1580320905.379236, -4.600000
1580320905.379692, -4.500000
1580320905.380149, -4.700000
1580320905.384785, -4.800000
1580320905.385295, -4.900000
1580320905.385760, -4.800000
1580320905.386209, -4.600000
1580320905.386654, -4.500000
1580320905.390009, -4.700000
1580320905.390505, -4.700000
1580320905.390934, -4.800000
1580320905.391340, -4.800000
1580320905.396240, -4.400000
1580320905.396673, -4.600000
1580320905.397088, -4.700000
1580320905.397495, -4.800000
1580320905.397903, -6.100000
1580320905.401466, -4.700000
1580320905.401922, -4.700000
1580320905.402334, -4.800000
1580320905.402740, -3.900000
1580320905.407706, -4.200000
1580320905.408131, -4.500000
1580320905.408546, -4.700000
1580320905.409068, -4.600000
1580320905.409511, -4.600000
1580320905.414192, -4.600000
1580320905.414699, -4.700000
1580320905.415162, -4.600000
1580320905.415652, -4.800000
1580320905.416120, -4.800000
1580320905.420740, -4.700000
1580320905.421258, -4.600000
1580320905.421731, -4.600000
1580320905.422179, -4.600000
1580320905.426913, -4.500000
1580320905.427435, -4.600000
1580320905.427899, -4.700000
1580320905.428346, -4.300000
1580320905.428865, -4.800000
1580320905.432119, -4.900000
1580320905.432600, -4.700000
1580320905.433091, -4.900000
1580320905.433539, -4.600000
1580320905.438376, -4.700000
1580320905.438933, -5.000000
1580320905.439423, -4.700000
1580320905.439871, -2.900000
1580320905.440324, -4.900000
1580320905.444840, -4.600000
1580320905.445283, -4.600000
1580320905.445706, -4.900000
1580320905.446123, -4.700000
1580320905.451108, -4.700000
1580320905.451694, -5.000000
1580320905.452162, -4.900000
1580320905.452603, -5.000000
1580320905.453048, -4.800000
1580320905.456319, -4.600000
1580320905.456835, -4.800000
1580320905.457310, -4.600000
1580320905.457758, -4.700000
1580320905.458198, -5.300000
1580320905.462923, -4.800000
1580320905.463441, -4.800000
1580320905.463901, -4.400000
1580320905.464352, -4.300000
1580320905.469043, -4.700000
1580320905.469590, -4.700000
1580320905.470056, -4.500000
1580320905.470500, -4.600000
1580320905.470942, -4.700000
1580320905.474250, -4.800000
1580320905.474734, -4.800000
1580320905.475209, -4.400000
1580320905.475656, -4.300000
1580320905.480626, -4.800000
1580320905.481584, -4.600000
1580320905.482448, -4.600000
1580320905.483341, -5.300000
1580320905.484182, -5.100000
1580320905.487189, -4.800000
1580320905.488084, -4.700000
1580320905.489092, -4.500000
1580320905.490019, -4.300000
1580320905.493274, -4.700000
1580320905.494128, -4.700000
1580320905.494978, -4.800000
1580320905.495795, -4.700000
1580320905.496625, -4.700000
1580320905.498606, -4.900000
1580320905.499571, -4.900000
1580320905.500426, -4.300000
1580320905.501272, -4.400000
1580320905.502083, -4.000000
1580320905.505290, -4.700000
1580320905.506090, -4.600000
1580320905.506882, -4.600000
1580320905.507676, -4.600000
1580320905.511291, -4.800000
1580320905.512134, -4.800000
1580320905.513011, -4.800000
1580320905.513881, -4.800000
1580320905.514725, -4.900000
1580320905.517849, -4.600000
1580320905.518841, -4.600000
1580320905.519747, -5.300000
1580320905.520589, -5.000000
1580320905.523989, -4.700000
1580320905.524912, -4.500000
1580320905.525761, -4.300000
1580320905.526587, -4.600000
1580320905.527423, -4.900000
1580320905.529281, -4.800000
1580320905.530162, -4.600000
1580320905.531003, -4.700000
1580320905.531866, -4.800000
1580320905.535407, -4.700000
1580320905.536306, -4.900000
1580320905.537171, -4.300000
1580320905.538015, -4.800000
1580320905.538957, -4.900000
1580320905.540757, -5.100000
1580320905.541655, -4.600000
1580320905.542506, -4.700000
1580320905.543380, -4.700000
1580320905.544210, -4.700000
1580320905.547489, -4.200000
1580320905.548356, -4.800000
1580320905.549376, -4.800000
1580320905.550241, -4.800000
1580320905.553406, -4.600000
1580320905.554287, -4.600000
1580320905.555131, -4.700000
1580320905.555990, -4.800000
1580320905.556820, -4.800000
1580320905.560041, -4.300000
1580320905.560987, -4.700000
1580320905.561852, -4.900000
1580320905.562682, -4.700000
1580320905.566128, -4.600000
1580320905.567038, -4.700000
1580320905.567893, -5.200000
1580320905.568956, -4.700000
1580320905.569861, -4.900000
1580320905.571426, -4.400000
1580320905.572313, -4.400000
1580320905.573176, -4.700000
1580320905.574013, -4.600000
1580320905.577530, -4.600000
1580320905.578431, -4.700000
1580320905.579371, -4.600000
1580320905.580230, -4.700000
1580320905.581074, -4.800000
1580320905.583936, -4.900000
1580320905.584457, -4.900000
1580320905.584923, -4.700000
1580320905.585378, -4.700000
1580320905.585849, -5.200000
1580320905.590462, -5.200000
1580320905.590956, -4.900000
1580320905.591407, -4.900000
1580320905.591853, -4.500000
1580320905.596661, -4.400000
1580320905.597181, -4.700000
1580320905.597671, -4.800000
1580320905.598123, -4.900000
1580320905.598567, -4.600000
1580320905.601884, -4.700000
1580320905.602426, -4.900000
1580320905.602907, -4.900000
1580320905.603358, -4.500000
1580320905.608126, -4.300000
1580320905.608647, -4.600000
1580320905.609236, -4.700000
1580320905.609701, -4.900000
1580320905.610183, -4.700000
1580320905.613334, -4.600000
1580320905.613806, -4.800000
1580320905.614291, -4.900000
1580320905.614751, -4.300000
1580320905.619600, -4.900000
1580320905.620166, -4.900000
1580320905.620628, -4.800000
1580320905.621077, -4.700000
1580320905.621529, -5.300000
1580320905.626059, -5.100000
1580320905.626541, -4.700000
1580320905.627037, -4.800000
1580320905.627511, -4.300000
1580320905.627969, -4.400000
1580320905.632629, -4.700000
1580320905.633166, -4.600000
1580320905.633652, -4.500000
1580320905.634097, -4.600000
1580320905.638833, -5.000000
1580320905.639390, -4.700000
1580320905.639856, -4.800000
1580320905.640315, -4.800000
1580320905.640768, -4.600000
1580320905.644002, -4.700000
1580320905.644522, -4.800000
1580320905.644982, -4.600000
1580320905.645430, -4.600000
1580320905.650256, -4.500000
1580320905.650818, -4.800000
1580320905.651284, -4.800000
1580320905.651739, -4.200000
1580320905.652184, -4.900000
1580320905.656720, -4.600000
1580320905.657246, -4.900000
1580320905.657713, -4.800000
1580320905.658159, -5.300000
1580320905.661735, -5.000000
1580320905.662317, -4.700000
1580320905.662812, -4.700000
1580320905.663278, -4.800000
1580320905.663728, -4.600000
1580320905.668200, -4.900000
1580320905.668837, -4.600000
1580320905.669374, -4.700000
1580320905.669828, -5.200000
1580320905.670282, -4.800000
1580320905.674754, -4.800000
1580320905.675246, -4.800000
1580320905.675697, -4.900000
1580320905.676142, -4.700000
1580320905.680915, -4.800000
1580320905.681470, -4.800000
1580320905.681938, -4.600000
1580320905.682385, -4.700000
1580320905.682838, -4.700000
1580320905.686124, -4.800000
1580320905.686631, -5.000000
1580320905.687089, -4.800000
1580320905.687543, -4.900000
1580320905.692378, -4.700000
1580320905.692926, -4.600000
1580320905.693392, -4.600000
1580320905.693880, -5.200000
1580320905.694329, -4.900000
1580320905.698895, -4.800000
1580320905.699438, -4.400000
1580320905.699905, -4.500000
1580320905.700360, -4.600000
1580320905.705090, -4.800000
1580320905.705588, -5.000000
1580320905.706050, -4.600000
1580320905.706501, -4.700000
1580320905.706952, -4.800000
1580320905.710341, -4.800000
1580320905.710893, -4.100000
1580320905.711364, -4.600000
1580320905.711818, -4.900000
1580320905.712258, -4.600000
1580320905.716838, -4.500000
1580320905.717342, -5.300000
1580320905.717823, -4.900000
1580320905.718273, -4.900000
1580320905.723042, -4.400000
1580320905.723586, -4.300000
1580320905.724054, -4.700000
1580320905.724506, -4.700000
1580320905.724955, -4.900000
1580320905.728273, -4.700000
1580320905.728878, -4.600000
1580320905.729414, -4.600000
1580320905.729891, -4.700000
1580320905.734491, -4.800000
1580320905.734973, -4.900000
1580320905.735451, -4.600000
1580320905.735902, -4.700000
1580320905.736347, -4.600000
1580320905.741077, -5.200000
1580320905.741769, -5.300000
1580320905.742247, -4.800000
1580320905.742701, -4.900000
1580320905.747269, -4.400000
1580320905.747813, -4.500000
1580320905.748279, -4.600000
1580320905.748789, -4.700000
1580320905.749295, -5.100000
1580320905.752434, -5.200000
1580320905.752947, -4.700000
1580320905.753409, -4.700000
1580320905.753900, -4.700000
1580320905.754346, -4.500000
1580320905.759046, -4.400000
1580320905.759570, -4.500000
1580320905.760023, -4.700000
1580320905.760466, -4.700000
1580320905.765159, -4.700000
1580320905.765681, -5.400000
1580320905.766185, -4.800000
1580320905.766644, -4.700000
1580320905.767090, -4.400000
1580320905.771647, -4.300000
1580320905.772205, -4.700000
1580320905.772665, -4.900000
1580320905.773108, -4.500000
1580320905.777872, -4.600000
1580320905.778386, -4.700000
1580320905.778915, -4.800000
1580320905.779411, -4.100000
1580320905.779872, -4.900000
1580320905.783088, -5.000000
1580320905.783560, -4.700000
1580320905.784008, -4.800000
1580320905.784464, -5.600000
1580320905.789345, -4.600000
1580320905.789865, -4.700000
1580320905.790329, -4.800000
1580320905.790786, -4.500000
1580320905.791233, -4.900000
1580320905.794552, -4.500000
1580320905.794980, -4.700000
1580320905.795389, -4.700000
1580320905.795803, -5.300000
1580320905.796207, -5.300000
1580320905.801115, -5.200000
1580320905.801566, -4.700000
1580320905.801979, -4.800000
1580320905.802391, -4.400000
1580320905.807271, -4.600000
1580320905.807701, -4.600000
1580320905.808112, -4.600000
1580320905.808524, -4.600000
1580320905.809053, -4.500000
1580320905.813749, -4.600000
1580320905.814261, -4.800000
1580320905.814734, -4.800000
1580320905.815211, -4.900000
1580320905.819996, -4.700000
1580320905.820528, -4.600000
1580320905.821032, -5.300000
1580320905.821495, -4.700000
1580320905.821944, -4.700000
1580320905.825218, -4.700000
1580320905.825760, -4.700000
1580320905.826268, -4.800000
1580320905.826739, -5.000000
1580320905.831470, -4.800000
1580320905.832026, -4.700000
1580320905.832487, -4.600000
1580320905.832941, -4.700000
1580320905.833382, -5.300000
1580320905.837934, -4.700000
1580320905.838447, -4.800000
1580320905.838964, -4.300000
1580320905.839447, -4.300000
1580320905.839914, -4.700000
1580320905.844461, -4.500000
1580320905.844941, -4.700000
1580320905.845387, -4.500000
1580320905.845841, -4.700000
1580320905.850677, -4.900000
1580320905.851228, -4.900000
1580320905.851704, -4.300000
1580320905.852151, -4.900000
1580320905.852595, -4.900000
1580320905.855880, -4.600000
1580320905.856482, -5.900000
1580320905.857007, -4.600000
1580320905.857473, -4.700000
1580320905.862134, -4.800000
1580320905.862703, -4.600000
1580320905.863175, -4.400000
1580320905.863620, -4.300000
1580320905.864071, -4.500000
1580320905.867339, -4.700000
1580320905.867815, -4.500000
1580320905.868273, -4.600000
1580320905.868845, -5.200000
1580320905.873595, -4.900000
1580320905.874150, -4.800000
1580320905.874597, -4.900000
1580320905.875007, -4.900000
1580320905.875411, -4.600000
1580320905.880079, -4.700000
1580320905.880643, -4.700000
1580320905.881107, -4.600000
1580320905.881565, -4.600000
1580320905.882011, -4.700000
1580320905.886638, -4.700000
1580320905.887130, -4.700000
1580320905.887579, -4.900000
1580320905.888024, -4.700000
1580320905.892791, -4.900000
1580320905.893347, -4.600000
1580320905.893847, -5.100000
1580320905.894336, -5.300000
1580320905.894782, -4.700000
1580320905.897992, -4.700000
1580320905.898479, -4.500000
1580320905.899002, -4.200000
1580320905.899492, -4.700000
1580320905.904247, -4.700000
1580320905.904747, -4.600000
1580320905.905189, -4.500000
1580320905.905607, -5.300000
1580320905.906019, -5.100000
1580320905.910732, -4.800000
1580320905.911274, -4.900000
1580320905.911739, -4.400000
1580320905.912191, -4.700000
1580320905.916966, -4.800000
1580320905.917480, -4.800000
1580320905.917939, -4.600000
1580320905.918389, -4.600000
1580320905.918920, -4.600000
1580320905.922186, -4.800000
1580320905.922699, -4.700000
1580320905.923156, -4.300000
1580320905.923603, -4.900000
1580320905.924030, -4.800000
1580320905.928834, -4.800000
1580320905.929373, -4.700000
1580320905.929842, -4.600000
1580320905.930284, -4.500000
1580320905.934905, -4.600000
1580320905.935416, -4.800000
1580320905.935876, -4.100000
1580320905.936330, -4.800000
1580320905.936801, -4.900000
1580320905.940122, -4.700000
1580320905.940641, -4.700000
1580320905.941115, -5.000000
1580320905.941578, -4.600000
1580320905.946378, -4.700000
1580320905.946916, -4.700000
1580320905.947387, -4.800000
1580320905.947837, -4.300000
1580320905.948286, -4.600000
1580320905.952847, -4.600000
1580320905.953388, -4.500000
1580320905.953840, -4.600000
1580320905.954287, -4.700000
1580320905.959089, -4.700000
1580320905.959620, -4.700000
1580320905.960094, -4.400000
1580320905.960538, -4.800000
1580320905.960983, -4.200000
1580320905.964307, -4.600000
1580320905.964783, -4.800000
1580320905.965227, -4.600000
1580320905.965650, -4.700000
1580320905.966060, -4.500000
1580320905.970832, -4.900000
1580320905.971285, -4.800000
1580320905.971696, -4.800000
1580320905.972106, -4.800000
1580320905.977023, -4.800000
1580320905.977445, -4.700000
1580320905.977856, -4.500000
1580320905.978261, -4.600000
1580320905.978729, -4.100000
1580320905.982243, -4.700000
1580320905.982680, -4.600000
1580320905.983094, -4.800000
1580320905.983503, -4.900000
1580320905.988489, -4.500000
1580320905.988975, -4.700000
1580320905.989457, -4.600000
1580320905.989890, -4.500000
1580320905.990300, -4.600000
1580320905.994956, -4.700000
1580320905.995381, -4.800000
1580320905.995800, -4.800000
1580320905.996208, -4.300000
1580320906.001214, -4.500000
1580320906.001674, -4.800000
1580320906.002094, -4.700000
1580320906.002498, -5.100000
1580320906.002909, -5.200000
1580320906.006424, -4.700000
1580320906.006851, -4.800000
1580320906.007267, -4.500000
1580320906.007677, -4.300000
1580320906.008081, -4.500000
1580320906.012994, -4.700000
1580320906.013434, -4.600000
1580320906.013849, -5.200000
1580320906.014265, -5.300000
1580320906.019150, -5.000000
1580320906.019607, -4.800000
1580320906.020031, -4.900000
1580320906.020440, -4.300000
1580320906.020844, -4.200000
1580320906.025616, -5.300000
1580320906.026040, -4.700000
1580320906.026444, -4.700000
1580320906.026851, -4.700000
1580320906.031894, -4.700000
1580320906.032466, -4.700000
1580320906.032922, -4.800000
1580320906.033341, -4.300000
1580320906.033779, -4.500000
1580320906.037102, -4.600000
1580320906.037619, -4.700000
1580320906.038048, -4.700000
1580320906.038544, -5.400000
1580320906.043345, -4.900000
1580320906.043911, -4.800000
1580320906.044427, -4.700000
1580320906.044890, -4.800000
1580320906.045336, -4.900000
1580320906.048564, -4.600000
1580320906.049333, -4.900000
1580320906.049860, -4.800000
1580320906.050315, -4.800000
1580320906.050762, -4.600000
1580320906.055131, -4.700000
1580320906.055618, -4.600000
1580320906.056073, -4.800000
1580320906.056510, -4.900000
1580320906.061287, -4.800000
1580320906.061831, -4.900000
1580320906.062333, -4.900000
1580320906.062791, -5.100000
1580320906.063240, -5.300000
1580320906.067754, -4.800000
1580320906.068281, -4.800000
1580320906.068897, -4.900000
1580320906.069381, -4.900000
1580320906.074005, -4.700000
1580320906.074527, -4.700000
1580320906.074980, -4.600000
1580320906.075418, -4.600000
1580320906.075869, -4.600000
1580320906.079258, -4.700000
1580320906.079834, -4.400000
1580320906.080334, -4.800000
1580320906.080783, -4.900000
1580320906.085473, -4.500000
1580320906.086009, -4.700000
1580320906.086463, -4.700000
1580320906.086910, -5.000000
1580320906.087365, -5.200000
1580320906.091939, -4.600000
1580320906.092472, -4.800000
1580320906.092944, -4.800000
1580320906.093466, -4.200000
1580320906.093926, -4.800000
1580320906.098529, -4.800000
1580320906.099121, -5.000000
1580320906.099621, -5.100000
1580320906.100088, -5.400000
1580320906.104658, -4.900000
1580320906.105185, -4.700000
1580320906.105675, -4.700000
1580320906.106129, -4.800000
1580320906.106573, -4.800000
1580320906.109903, -4.600000
1580320906.110433, -4.800000
1580320906.110888, -4.600000
1580320906.111327, -4.700000
1580320906.116123, -5.200000
1580320906.116638, -4.700000
1580320906.117098, -4.800000
1580320906.117544, -4.300000
1580320906.117962, -4.500000
1580320906.121344, -4.600000
1580320906.121817, -4.800000
1580320906.122233, -4.600000
1580320906.122638, -4.700000
1580320906.127598, -5.000000
1580320906.128142, -4.900000
1580320906.128617, -4.800000
1580320906.129226, -4.400000
1580320906.129718, -4.400000
1580320906.134057, -4.600000
1580320906.134576, -4.900000
1580320906.135029, -4.600000
1580320906.135470, -5.200000
1580320906.135915, -5.000000
1580320906.140624, -4.600000
1580320906.141132, -2.800000
1580320906.141593, -4.900000
1580320906.142038, -4.600000
1580320906.146789, -4.700000
1580320906.147302, -4.700000
1580320906.147761, -5.100000
1580320906.148206, -5.400000
1580320906.148661, -4.800000
1580320906.152004, -4.700000
1580320906.152547, -4.800000
1580320906.153040, -4.800000
1580320906.153492, -4.800000
1580320906.158244, -4.700000
1580320906.158826, -4.700000
1580320906.159330, -5.100000
1580320906.159789, -5.900000
1580320906.160236, -4.800000
1580320906.164716, -4.800000
1580320906.165249, -4.700000
1580320906.165707, -4.700000
1580320906.166154, -5.200000
1580320906.170972, -4.900000
1580320906.171552, -4.900000
1580320906.172024, -4.600000
1580320906.172476, -5.300000
1580320906.172916, -4.900000
1580320906.176206, -4.800000
1580320906.176720, -4.700000
1580320906.177185, -4.900000
1580320906.177666, -4.900000
1580320906.178117, -4.700000
1580320906.182805, -4.600000
1580320906.183305, -4.600000
1580320906.183769, -4.500000
1580320906.184213, -5.300000
1580320906.188916, -4.800000
1580320906.189467, -4.800000
1580320906.189927, -4.300000
1580320906.190384, -4.300000
1580320906.190837, -4.700000
1580320906.194116, -4.700000
1580320906.194589, -4.700000
1580320906.195034, -5.000000
1580320906.195483, -4.600000
1580320906.200397, -4.600000
1580320906.200976, -4.800000
1580320906.201481, -3.100000
1580320906.201952, -4.800000
1580320906.202403, -4.900000
1580320906.206840, -4.800000
1580320906.207370, -4.500000
1580320906.207832, -5.200000
1580320906.208274, -5.400000
1580320906.213092, -4.800000
1580320906.213653, -4.800000
1580320906.214119, -4.700000
1580320906.214567, -4.900000
1580320906.215009, -4.600000
1580320906.218305, -4.800000
1580320906.218832, -4.800000
1580320906.219314, -4.700000
1580320906.219789, -4.700000
1580320906.220249, -4.600000
1580320906.224811, -4.600000
1580320906.225250, -4.700000
1580320906.225669, -4.400000
1580320906.226081, -4.800000
1580320906.231037, -4.800000
1580320906.231531, -4.800000
1580320906.231971, -4.600000
1580320906.232472, -4.600000
1580320906.232933, -4.600000
1580320906.237492, -4.900000
1580320906.237985, -4.900000
1580320906.238444, -4.300000
1580320906.238949, -4.700000
1580320906.243744, -4.900000
1580320906.244233, -4.900000
1580320906.244659, -4.600000
1580320906.245070, -4.600000
1580320906.245487, -4.700000
1580320906.249018, -4.700000
1580320906.249561, -4.700000
1580320906.250023, -4.300000
1580320906.250476, -4.400000
1580320906.255222, -4.800000
1580320906.255754, -4.700000
1580320906.256207, -4.800000
1580320906.256645, -4.700000
1580320906.257097, -4.800000
1580320906.260444, -4.600000
1580320906.261002, -4.800000
1580320906.261472, -4.900000
1580320906.261925, -4.900000
1580320906.262373, -4.800000
1580320906.267032, -4.600000
1580320906.267532, -4.500000
1580320906.267987, -4.700000
1580320906.268438, -4.600000
1580320906.273157, -4.800000
1580320906.273717, -4.900000
1580320906.274187, -4.300000
1580320906.274631, -4.800000
1580320906.275070, -4.800000
1580320906.279640, -4.800000
1580320906.280182, -4.700000
1580320906.280641, -5.200000
1580320906.281085, -5.200000
1580320906.285921, -4.900000
1580320906.286449, -4.800000
1580320906.287202, -4.300000
1580320906.288036, -4.400000
1580320906.288992, -4.600000
1580320906.291288, -4.700000
1580320906.292095, -5.300000
1580320906.292880, -4.700000
1580320906.293667, -4.600000
1580320906.297394, -4.600000
1580320906.298194, -4.800000
1580320906.299075, -4.900000
1580320906.300029, -4.500000
1580320906.300882, -4.700000
1580320906.303969, -4.600000
1580320906.304859, -5.100000
1580320906.305710, -5.300000
1580320906.306543, -5.000000
1580320906.307378, -4.700000
1580320906.310778, -3.200000
1580320906.311651, -4.300000
1580320906.312512, -4.400000
1580320906.313345, -4.600000
1580320906.315410, -4.800000
1580320906.316272, -4.600000
1580320906.317101, -5.200000
1580320906.317920, -5.300000
1580320906.318837, -5.000000
1580320906.321969, -4.700000
1580320906.322810, -4.500000
1580320906.323607, -4.300000
1580320906.324390, -4.700000
1580320906.328099, -4.600000
1580320906.329184, -4.700000
1580320906.330070, -4.500000
1580320906.330903, -4.700000
1580320906.331728, -4.900000
1580320906.333393, -4.700000
1580320906.334197, -4.600000
1580320906.335012, -4.900000
1580320906.335902, -4.800000
1580320906.339551, -4.700000
1580320906.340499, -4.600000
1580320906.341343, -4.600000
1580320906.342172, -4.600000
1580320906.343009, -4.600000
1580320906.346094, -4.600000
1580320906.347001, -4.700000
1580320906.347885, -4.400000
1580320906.348863, -4.900000
1580320906.349732, -4.900000
1580320906.352831, -4.700000
1580320906.353688, -4.600000
1580320906.354532, -4.700000
1580320906.355355, -4.900000
1580320906.358877, -4.800000
1580320906.359825, -4.700000
1580320906.360674, -4.800000
1580320906.361501, -4.900000
1580320906.362333, -4.700000
1580320906.364098, -4.800000
1580320906.364988, -4.700000
1580320906.365871, -4.700000
1580320906.366738, -4.700000
1580320906.370223, -4.600000
1580320906.371163, -4.500000
1580320906.372042, -4.700000
1580320906.372871, -4.800000
1580320906.373705, -4.200000
1580320906.375548, -4.800000
1580320906.376436, -4.600000
1580320906.377270, -4.800000
1580320906.378116, -4.700000
1580320906.381660, -4.700000
1580320906.382589, -3.200000
1580320906.383440, -4.300000
1580320906.384270, -4.700000
1580320906.385102, -4.800000
1580320906.388293, -4.700000
1580320906.389288, -4.600000
1580320906.389883, -4.600000
1580320906.390315, -4.600000
1580320906.390723, -4.800000
1580320906.394556, -4.400000
1580320906.394982, -4.300000
1580320906.395394, -4.700000
1580320906.395810, -4.700000
1580320906.400794, -4.800000
1580320906.401350, -4.700000
1580320906.401820, -4.600000
1580320906.402272, -5.000000
1580320906.402746, -4.800000
1580320906.406000, -4.000000
1580320906.406526, -4.600000
1580320906.407004, -4.700000
1580320906.407455, -4.900000
1580320906.412254, -4.800000
1580320906.412839, -4.600000
1580320906.413306, -4.600000
1580320906.413752, -4.600000
1580320906.414205, -4.700000
1580320906.418760, -4.300000
1580320906.419279, -4.900000
1580320906.419738, -4.900000
1580320906.420199, -4.700000
1580320906.424957, -4.700000
1580320906.425443, -5.000000
1580320906.425893, -5.500000
1580320906.426309, -5.000000
1580320906.426717, -4.700000
1580320906.430193, -4.300000
1580320906.430737, -4.900000
1580320906.431181, -4.900000
1580320906.431593, -4.600000
1580320906.431997, -4.700000
1580320906.436776, -4.800000
1580320906.437276, -4.600000
1580320906.437724, -4.700000
1580320906.438167, -4.700000
1580320906.442913, -5.000000
1580320906.443469, -4.900000
1580320906.443943, -4.400000
1580320906.444397, -4.600000
1580320906.444845, -4.700000
1580320906.448127, -4.500000
1580320906.448671, -4.600000
1580320906.449273, -4.600000
1580320906.449732, -4.600000
1580320906.454369, -4.800000
1580320906.454890, -4.500000
1580320906.455345, -4.200000
1580320906.455794, -4.800000
1580320906.456238, -4.900000
1580320906.460849, -4.900000
1580320906.461426, -5.300000
1580320906.461900, -5.300000
1580320906.462350, -4.800000
1580320906.467089, -4.800000
1580320906.467624, -4.300000
1580320906.468087, -4.300000
1580320906.468546, -4.700000
1580320906.469065, -4.600000
1580320906.472304, -4.600000
1580320906.472824, -4.800000
1580320906.473276, -5.300000
1580320906.473728, -4.800000
1580320906.474215, -4.700000
1580320906.478913, -4.500000
1580320906.479437, -4.300000
1580320906.479906, -4.600000
1580320906.480350, -4.700000
1580320906.485024, -4.700000
1580320906.485526, -4.600000
1580320906.485990, -4.600000
1580320906.486438, -4.600000
1580320906.486888, -4.800000
1580320906.491498, -4.000000
1580320906.491986, -4.300000
1580320906.492403, -4.800000
1580320906.492819, -4.800000
1580320906.497734, -4.800000
1580320906.498167, -4.600000
1580320906.498583, -4.600000
1580320906.499112, -4.600000
1580320906.499640, -4.700000
1580320906.502959, -4.300000
1580320906.503448, -4.800000
1580320906.503927, -4.800000
1580320906.504396, -4.700000
1580320906.509216, -4.700000
1580320906.509776, -4.800000
1580320906.510244, -4.700000
1580320906.510685, -4.600000
1580320906.511128, -4.700000
1580320906.514428, -5.000000
1580320906.514941, -4.400000
1580320906.515400, -4.200000
1580320906.515863, -4.700000
1580320906.516333, -4.800000
1580320906.521019, -4.800000
1580320906.521520, -4.700000
1580320906.521995, -4.900000
1580320906.522445, -4.600000
1580320906.527153, -4.700000
1580320906.527667, -4.800000
1580320906.528120, -4.900000
1580320906.528573, -4.700000
1580320906.529130, -4.900000
1580320906.533617, -5.000000
1580320906.534099, -4.600000
1580320906.534556, -4.500000
1580320906.535041, -4.700000
1580320906.539876, -4.500000
1580320906.540441, -4.800000
1580320906.540906, -4.900000
1580320906.541358, -4.600000
1580320906.541813, -4.800000
1580320906.545088, -4.600000
1580320906.545598, -4.600000
1580320906.546055, -5.300000
1580320906.546500, -4.800000
1580320906.551347, -4.800000
1580320906.551929, -4.400000
1580320906.552397, -4.200000
1580320906.552855, -4.600000
1580320906.553303, -4.800000
1580320906.556571, -4.700000
1580320906.557110, -5.400000
1580320906.557608, -4.600000
1580320906.558066, -4.700000
1580320906.558525, -4.400000
1580320906.563128, -4.900000
1580320906.563626, -4.900000
1580320906.564083, -4.700000
1580320906.564532, -4.900000
1580320906.569285, -6.300000
1580320906.569849, -4.600000
1580320906.570312, -4.600000
1580320906.570758, -4.600000
1580320906.571214, -4.600000
1580320906.575749, -4.400000
1580320906.576274, -4.300000
1580320906.576732, -4.600000
1580320906.577194, -4.700000
1580320906.581999, -4.800000
1580320906.582528, -4.600000
1580320906.582993, -4.700000
1580320906.583434, -4.800000
1580320906.583878, -4.900000
1580320906.587209, -4.500000
1580320906.587723, -4.200000
1580320906.588208, -4.600000
1580320906.588671, -4.700000
1580320906.593466, -4.600000
1580320906.594002, -4.600000
1580320906.594468, -4.600000
1580320906.594914, -4.700000
1580320906.595366, -4.700000
1580320906.599936, -4.700000
1580320906.600445, -4.900000
1580320906.600900, -4.700000
1580320906.601353, -4.600000
1580320906.601857, -4.600000
1580320906.606460, -4.700000
1580320906.606923, -4.600000
1580320906.607376, -4.700000
1580320906.607821, -4.700000
1580320906.612684, -4.800000
1580320906.613268, -4.800000
1580320906.613749, -4.600000
1580320906.614201, -4.500000
1580320906.614647, -4.700000
1580320906.617876, -4.700000
1580320906.618398, -4.500000
1580320906.618985, -4.600000
1580320906.619491, -4.700000
1580320906.624113, -4.500000
1580320906.624597, -4.300000
1580320906.625081, -4.600000
1580320906.625527, -4.700000
1580320906.625967, -5.000000
1580320906.629339, -5.200000
1580320906.629872, -5.300000
1580320906.630329, -4.800000
1580320906.630782, -4.800000
1580320906.635588, -4.300000
1580320906.636032, -4.300000
1580320906.636457, -4.700000
1580320906.636869, -4.900000
1580320906.637282, -5.000000
1580320906.642075, -5.800000
1580320906.642656, -4.600000
1580320906.643161, -4.700000
1580320906.643612, -4.800000
1580320906.644059, -4.500000
1580320906.648658, -4.700000
1580320906.649264, -4.800000
1580320906.649729, -5.000000
1580320906.650185, -4.500000
1580320906.654775, -4.700000
1580320906.655272, -5.300000
1580320906.655734, -4.700000
1580320906.656185, -4.700000
1580320906.656630, -4.700000
1580320906.660000, -5.500000
1580320906.660493, -4.900000
1580320906.660942, -4.400000
1580320906.661399, -4.900000
1580320906.666240, -5.000000
1580320906.666678, -4.800000
1580320906.667095, -4.900000
1580320906.667503, -4.800000
1580320906.667909, -4.700000
1580320906.672711, -4.700000
1580320906.673167, -4.900000
1580320906.673581, -4.700000
1580320906.673994, -4.900000
1580320906.678957, -4.600000
1580320906.679419, -5.400000
1580320906.679843, -4.900000
1580320906.680249, -4.700000
1580320906.680654, -4.600000
1580320906.684171, -4.300000
1580320906.684598, -4.500000
1580320906.685010, -4.700000
1580320906.685420, -4.000000
1580320906.685824, -5.900000
1580320906.690796, -4.700000
1580320906.691256, -4.600000
1580320906.691672, -4.700000
1580320906.692083, -4.700000
1580320906.696895, -4.300000
1580320906.697325, -4.800000
1580320906.697748, -4.800000
1580320906.698168, -4.900000
1580320906.698576, -5.100000
1580320906.702111, -5.200000
1580320906.702553, -4.900000
1580320906.702965, -4.800000
1580320906.703379, -4.600000
1580320906.708359, -4.300000
1580320906.708854, -4.600000
1580320906.709308, -4.700000
1580320906.709726, -4.800000
1580320906.710133, -4.800000
1580320906.714841, -4.600000
1580320906.715353, -4.700000
1580320906.715814, -4.900000
1580320906.716244, -4.800000
1580320906.721082, -4.200000
1580320906.721550, -4.500000
1580320906.721979, -4.800000
1580320906.722393, -4.600000
1580320906.722803, -4.500000
1580320906.726325, -4.600000
1580320906.726898, -4.500000
1580320906.727367, -4.700000
1580320906.727799, -3.500000
1580320906.728210, -4.800000
1580320906.732891, -4.900000
1580320906.733341, -4.700000
1580320906.733761, -4.800000
1580320906.734166, -4.700000
1580320906.739032, -4.500000
1580320906.739548, -4.700000
1580320906.740078, -4.900000
1580320906.740577, -4.800000
1580320906.741044, -4.900000
1580320906.745497, -4.900000
1580320906.746012, -4.800000
1580320906.746472, -4.800000
1580320906.746921, -6.000000
1580320906.751760, -5.400000
1580320906.752309, -5.200000
1580320906.752765, -4.900000
1580320906.753206, -4.800000
1580320906.753657, -4.400000
1580320906.756954, -4.400000
1580320906.757420, -4.600000
1580320906.757870, -5.000000
1580320906.758313, -4.700000
1580320906.763207, -4.600000
1580320906.763700, -4.600000
1580320906.764121, -4.800000
1580320906.764532, -4.700000
1580320906.764947, -4.500000
1580320906.768440, -4.400000
1580320906.769069, -4.500000
1580320906.769561, -4.700000
1580320906.770015, -4.800000
1580320906.770472, -4.500000
1580320906.774964, -4.600000
1580320906.775399, -4.700000
1580320906.775815, -4.600000
1580320906.776318, -4.800000
1580320906.781161, -4.900000
1580320906.781729, -4.600000
1580320906.782205, -4.100000
1580320906.782652, -5.100000
1580320906.783103, -4.800000
1580320906.787640, -4.600000
1580320906.788150, -4.600000
1580320906.788601, -4.600000
1580320906.789152, -4.900000
1580320906.793870, -4.400000
1580320906.794404, -4.400000
1580320906.794873, -4.500000
1580320906.795324, -4.800000
1580320906.795771, -4.700000
1580320906.799112, -5.200000
1580320906.799712, -4.600000
1580320906.800197, -4.800000
1580320906.800662, -4.700000
1580320906.805335, -4.800000
1580320906.805839, -4.700000
1580320906.806311, -4.800000
1580320906.806765, -4.600000
1580320906.807215, -5.300000
1580320906.810563, -5.300000
1580320906.811092, -4.900000
1580320906.811542, -4.800000
1580320906.811997, -4.700000
1580320906.812447, -4.700000
1580320906.817094, -4.900000
1580320906.817586, -4.600000
1580320906.818042, -4.600000
1580320906.818481, -4.600000
1580320906.823290, -4.600000
1580320906.823853, -4.600000
1580320906.824328, -4.700000
1580320906.824790, -4.600000
1580320906.825248, -4.400000
1580320906.829747, -4.600000
1580320906.830246, -4.700000
1580320906.830693, -4.700000
1580320906.831101, -5.200000
1580320906.835990, -5.200000
1580320906.836414, -4.800000
1580320906.836827, -4.700000
1580320906.837234, -4.700000
1580320906.837650, -4.300000
1580320906.841207, -4.700000
1580320906.841663, -4.900000
1580320906.842088, -4.800000
1580320906.842498, -4.700000
1580320906.847477, -5.300000
1580320906.848018, -5.100000
1580320906.848492, -4.800000
1580320906.849081, -4.900000
1580320906.849562, -4.300000
1580320906.853932, -4.400000
1580320906.854455, -4.900000
1580320906.854923, -4.800000
1580320906.855373, -4.500000
1580320906.855820, -4.800000
1580320906.860550, -4.700000
1580320906.861058, -4.600000
1580320906.861510, -4.700000
1580320906.861959, -4.900000
1580320906.866654, -4.900000
1580320906.867174, -4.100000
1580320906.867645, -4.700000
1580320906.868103, -4.700000
1580320906.868550, -5.200000
1580320906.871876, -5.000000
1580320906.872405, -4.600000
1580320906.872873, -4.700000
1580320906.873358, -4.300000
1580320906.878119, -4.800000
1580320906.878637, -4.900000
1580320906.879206, -4.800000
1580320906.879670, -4.700000
1580320906.880122, -4.600000
1580320906.883337, -4.800000
1580320906.883816, -4.900000
1580320906.884279, -4.700000
1580320906.884760, -4.300000
1580320906.889594, -4.400000
1580320906.890155, -4.800000
1580320906.890623, -4.800000
1580320906.891069, -4.700000
1580320906.891511, -4.600000
1580320906.896062, -4.700000
1580320906.896582, -4.600000
1580320906.897034, -4.700000
1580320906.897476, -4.900000
1580320906.897929, -4.900000
1580320906.902643, -4.500000
1580320906.903158, -4.700000
1580320906.903626, -4.600000
1580320906.904073, -4.700000
1580320906.908853, -5.200000
1580320906.909419, -4.800000
1580320906.909891, -4.600000
1580320906.910334, -4.300000
1580320906.910784, -4.800000
1580320906.913988, -5.000000
1580320906.914451, -4.600000
1580320906.914906, -4.600000
1580320906.915356, -5.400000
1580320906.920263, -5.000000
1580320906.920827, -4.700000
1580320906.921294, -4.300000
1580320906.921781, -4.900000
1580320906.922249, -4.800000
1580320906.926715, -4.500000
1580320906.927238, -4.700000
1580320906.927749, -4.600000
1580320906.928213, -4.600000
1580320906.932959, -5.200000
1580320906.933482, -4.900000
1580320906.933960, -4.800000
1580320906.934407, -4.300000
1580320906.934850, -4.400000
1580320906.938175, -4.700000
1580320906.938657, -4.900000
1580320906.939196, -4.600000
1580320906.939621, -4.500000
1580320906.940025, -4.700000
1580320906.944795, -4.900000
1580320906.945281, -4.800000
1580320906.945774, -4.400000
1580320906.946230, -4.300000
1580320906.950917, -4.600000
1580320906.951484, -4.700000
1580320906.951959, -4.900000
1580320906.952444, -4.700000
1580320906.952904, -5.300000
1580320906.956122, -4.800000
1580320906.956634, -4.800000
1580320906.957128, -4.600000
1580320906.957578, -4.300000
1580320906.962380, -4.500000
1580320906.962944, -4.600000
1580320906.963419, -4.900000
1580320906.963885, -4.600000
1580320906.964338, -5.200000
1580320906.968900, -5.000000
1580320906.969413, -4.500000
1580320906.969877, -4.700000
1580320906.970323, -4.200000
1580320906.975078, -4.800000
1580320906.975554, -4.800000
1580320906.975984, -4.900000
1580320906.976401, -4.600000
1580320906.976852, -4.500000
1580320906.980302, -4.600000
1580320906.980766, -4.700000
1580320906.981183, -4.100000
1580320906.981584, -4.800000
1580320906.981995, -4.900000
1580320906.986919, -4.700000
1580320906.987412, -4.700000
1580320906.987899, -4.700000
1580320906.988366, -4.700000
1580320906.993026, -5.200000
1580320906.993570, -4.800000
1580320906.994030, -4.800000
1580320906.994469, -4.400000
1580320906.994918, -4.300000
1580320906.998235, -4.700000
1580320906.998758, -4.700000
1580320906.999271, -4.800000
1580320906.999734, -4.600000
1580320907.004512, -4.600000
1580320907.005057, -4.700000
1580320907.005520, -4.700000
1580320907.005966, -4.900000
1580320907.006425, -4.300000
1580320907.010986, -4.700000
1580320907.011527, -4.700000
1580320907.012045, -4.600000
1580320907.012511, -4.500000
1580320907.017202, -4.500000
1580320907.017689, -4.700000
1580320907.018146, -4.600000
1580320907.018585, -4.800000
1580320907.019160, -5.000000
1580320907.022434, -4.700000
1580320907.022964, -4.800000
1580320907.023460, -4.800000
1580320907.023921, -4.600000
1580320907.024364, -4.600000
1580320907.029089, -4.600000
1580320907.029582, -4.600000
1580320907.030030, -2.600000
1580320907.030471, -4.800000
1580320907.035146, -4.900000
1580320907.035638, -4.600000
1580320907.036092, -4.800000
1580320907.036539, -4.600000
1580320907.036984, -5.200000
1580320907.041620, -5.100000
1580320907.042146, -4.700000
1580320907.042581, -4.700000
1580320907.042992, -4.800000
1580320907.047873, -4.800000
1580320907.048393, -4.600000
1580320907.048953, -4.700000
1580320907.049407, -4.600000
1580320907.049818, -4.700000
1580320907.053096, -5.100000
1580320907.053626, -4.700000
1580320907.054083, -4.200000
1580320907.054531, -4.800000
1580320907.059339, -4.900000
1580320907.059914, -4.700000
1580320907.060386, -4.600000
1580320907.060837, -4.800000
1580320907.061289, -4.700000
1580320907.064550, -4.800000
1580320907.065024, -4.700000
1580320907.065472, -4.900000
1580320907.065929, -4.500000
1580320907.066393, -4.300000
1580320907.071097, -4.600000
1580320907.071581, -4.700000
1580320907.072015, -4.900000
1580320907.072423, -4.600000
1580320907.077264, -4.700000
1580320907.077688, -4.800000
1580320907.078099, -4.900000
1580320907.078512, -4.400000
1580320907.079013, -4.300000
1580320907.083764, -4.600000
1580320907.084291, -4.700000
1580320907.084753, -4.600000
1580320907.085200, -4.700000
1580320907.089992, -5.100000
1580320907.090526, -4.800000
1580320907.090988, -4.800000
1580320907.091431, -4.300000
1580320907.091877, -4.800000
1580320907.095399, -4.900000
1580320907.096294, -4.800000
1580320907.097129, -4.700000
1580320907.097955, -5.200000
1580320907.101522, -5.300000
1580320907.102422, -4.900000
1580320907.103258, -4.900000
1580320907.104065, -4.400000
1580320907.104851, -4.200000
1580320907.108108, -4.900000
1580320907.109210, -4.800000
1580320907.110117, -5.100000
1580320907.110952, -4.600000
1580320907.111781, -4.600000
1580320907.114857, -4.700000
1580320907.115675, -4.700000
1580320907.116496, -4.800000
1580320907.117325, -4.900000
1580320907.120785, -4.500000
1580320907.121705, -4.800000
1580320907.122545, -4.800000
1580320907.123389, -4.600000
1580320907.124256, -4.700000
1580320907.126107, -4.700000
1580320907.126968, -4.700000
1580320907.127828, -3.100000
1580320907.128662, -4.800000
1580320907.132214, -4.500000
1580320907.133073, -4.700000
1580320907.133897, -4.600000
1580320907.134721, -4.700000
1580320907.135553, -5.300000
1580320907.137516, -5.000000
1580320907.138362, -4.900000
1580320907.139288, -4.800000
1580320907.140163, -4.200000
1580320907.143661, -4.800000
1580320907.144568, -5.000000
1580320907.145405, -4.900000
1580320907.146243, -5.300000
1580320907.147095, -4.600000
1580320907.150219, -4.800000
1580320907.151076, -4.700000
1580320907.151872, -4.800000
1580320907.152658, -4.900000
1580320907.153449, -4.200000
1580320907.156836, -4.600000
1580320907.157632, -4.700000
1580320907.158416, -4.800000
1580320907.159291, -4.700000
1580320907.162957, -4.700000
1580320907.163864, -4.600000
1580320907.164733, -4.700000
1580320907.165644, -4.900000
1580320907.166489, -4.900000
1580320907.168213, -4.600000
1580320907.169154, -4.800000
1580320907.170024, -4.700000
1580320907.170868, -5.100000
1580320907.174331, -5.300000
1580320907.175179, -4.800000
1580320907.176025, -4.600000
1580320907.176868, -4.700000
1580320907.177693, -4.700000
1580320907.180898, -4.900000
1580320907.181744, -4.500000
1580320907.182539, -4.800000
1580320907.183320, -4.700000
1580320907.187018, -5.300000
1580320907.187818, -5.300000
1580320907.188603, -4.700000
1580320907.189558, -4.700000
1580320907.190362, -4.800000
1580320907.192328, -4.800000
1580320907.193131, -4.600000
1580320907.193928, -4.800000
1580320907.194720, -4.600000
1580320907.195159, -5.300000
1580320907.198782, -5.100000
1580320907.199244, -4.700000
1580320907.199667, -4.800000
1580320907.200077, -4.300000
1580320907.204885, -4.300000
1580320907.205313, -4.400000
1580320907.205725, -4.600000
1580320907.206133, -4.800000
1580320907.206540, -4.700000
1580320907.210115, -5.300000
1580320907.210595, -4.900000
1580320907.211021, -4.800000
1580320907.211436, -4.700000
1580320907.216355, -4.800000
1580320907.216785, -4.800000
1580320907.217196, -4.700000
1580320907.217601, -4.600000
1580320907.218011, -4.600000
1580320907.222839, -4.600000
1580320907.223348, -4.800000
1580320907.223782, -4.800000
1580320907.224202, -4.600000
1580320907.229082, -4.300000
1580320907.229539, -4.500000
1580320907.229957, -4.600000
1580320907.230362, -4.800000
1580320907.230771, -4.600000
1580320907.234293, -4.600000
1580320907.234718, -4.600000
1580320907.235132, -4.800000
1580320907.235546, -3.200000
1580320907.235949, -4.300000
1580320907.240948, -4.600000
1580320907.241440, -4.800000
1580320907.241860, -4.700000
1580320907.242273, -5.200000
1580320907.247030, -4.700000
1580320907.247536, -4.700000
1580320907.247963, -4.500000
1580320907.248381, -4.800000
1580320907.248860, -4.900000
1580320907.253482, -4.900000
1580320907.253923, -4.700000
1580320907.254340, -4.700000
1580320907.254749, -4.800000
1580320907.259816, -4.600000
1580320907.260415, -4.700000
1580320907.260866, -4.800000
1580320907.261290, -4.700000
1580320907.261698, -4.900000
1580320907.264978, -4.300000
1580320907.265540, -4.600000
1580320907.266014, -4.900000
1580320907.266431, -4.700000
1580320907.271221, -4.600000
1580320907.271785, -4.700000
1580320907.272258, -4.600000
1580320907.272720, -4.600000
1580320907.273167, -4.900000
1580320907.276442, -5.000000
1580320907.276969, -4.800000
1580320907.277450, -4.700000
1580320907.277897, -5.300000
1580320907.278360, -4.600000
1580320907.282991, -4.500000
1580320907.283513, -4.700000
1580320907.284013, -4.800000
1580320907.284465, -4.800000
1580320907.289159, -4.800000
1580320907.289721, -4.700000
1580320907.290185, -4.600000
1580320907.290627, -4.600000
1580320907.291083, -4.600000
1580320907.295630, -4.600000
1580320907.296152, -4.800000
1580320907.296611, -4.700000
1580320907.297071, -4.400000
1580320907.301876, -4.800000
1580320907.302434, -4.900000
1580320907.302900, -4.700000
1580320907.303347, -4.600000
1580320907.303795, -4.700000
1580320907.307093, -5.300000
1580320907.307610, -4.900000
1580320907.308073, -4.800000
1580320907.308521, -4.400000
1580320907.313337, -4.300000
1580320907.313891, -4.600000
1580320907.314362, -4.800000
1580320907.314812, -4.600000
1580320907.315262, -4.500000
1580320907.319808, -5.300000
1580320907.320336, -5.000000
1580320907.320790, -4.700000
1580320907.321243, -4.800000
1580320907.321692, -4.300000
1580320907.326317, -4.300000
1580320907.326768, -4.600000
1580320907.327193, -4.700000
1580320907.327601, -4.900000
1580320907.332542, -4.700000
1580320907.333101, -4.600000
1580320907.333588, -4.700000
1580320907.334066, -4.700000
1580320907.334513, -4.300000
1580320907.337741, -4.400000
1580320907.338236, -4.600000
1580320907.338783, -4.800000
1580320907.339264, -4.600000
1580320907.343988, -4.700000
1580320907.344484, -4.600000
1580320907.344923, -4.700000
1580320907.345356, -4.700000
1580320907.345856, -4.500000
1580320907.349209, -4.200000
1580320907.349702, -4.700000
1580320907.350160, -4.900000
1580320907.350567, -4.900000
1580320907.355469, -5.100000
1580320907.356012, -5.300000
1580320907.356472, -4.900000
1580320907.356935, -4.800000
1580320907.357385, -4.500000
1580320907.361932, -4.300000
1580320907.362450, -4.700000
1580320907.362916, -4.700000
1580320907.363372, -4.700000
1580320907.363842, -5.200000
1580320907.368508, -5.200000
1580320907.369091, -4.900000
1580320907.369582, -4.800000
1580320907.370030, -4.600000
1580320907.374655, -4.900000
1580320907.375179, -4.700000
1580320907.375648, -4.900000
1580320907.376099, -4.800000
1580320907.376545, -4.800000
1580320907.379865, -4.600000
1580320907.380358, -4.600000
1580320907.380822, -4.800000
1580320907.381314, -4.700000
1580320907.386110, -4.400000
1580320907.386597, -4.900000
1580320907.387082, -4.900000
1580320907.387531, -4.800000
1580320907.388005, -4.600000
1580320907.391355, -4.600000
1580320907.391913, -4.500000
1580320907.392410, -4.600000
1580320907.392877, -4.300000
1580320907.397589, -4.900000
1580320907.398110, -4.900000
1580320907.398576, -4.800000
1580320907.399173, -4.900000
1580320907.399656, -4.800000
1580320907.404049, -4.600000
1580320907.404529, -4.700000
1580320907.404978, -5.000000
1580320907.405440, -4.600000
1580320907.405898, -3.800000
1580320907.410626, -4.800000
1580320907.411073, -4.600000
1580320907.411488, -4.800000
1580320907.411899, -4.700000
1580320907.416781, -5.200000
1580320907.417305, -5.400000
1580320907.417771, -4.800000
1580320907.418231, -4.800000
1580320907.418805, -4.300000
1580320907.421989, -4.800000
1580320907.422470, -4.900000
1580320907.422935, -4.700000
1580320907.423399, -4.600000
1580320907.428246, -4.700000
1580320907.428819, -5.400000
1580320907.429309, -5.000000
1580320907.429783, -4.800000
1580320907.430267, -4.900000
1580320907.434711, -4.500000
1580320907.435236, -4.200000
1580320907.435711, -4.700000
1580320907.436161, -4.800000
1580320907.440964, -4.600000
1580320907.441493, -5.200000
1580320907.441966, -4.800000
1580320907.442409, -4.700000
1580320907.442870, -4.400000
1580320907.446178, -4.400000
1580320907.446689, -4.600000
1580320907.447146, -4.700000
1580320907.447594, -4.600000
1580320907.448040, -4.700000
1580320907.452726, -5.500000
1580320907.453178, -4.700000
1580320907.453589, -4.700000
1580320907.454003, -4.300000
1580320907.458913, -4.800000
1580320907.459464, -4.900000
1580320907.459938, -4.600000
1580320907.460367, -4.600000
1580320907.460779, -4.600000
1580320907.464107, -4.600000
1580320907.464538, -4.700000
1580320907.464951, -4.700000
1580320907.465399, -4.800000
1580320907.470372, -4.900000
1580320907.470931, -4.900000
1580320907.471402, -4.500000
1580320907.471853, -4.800000
1580320907.472302, -4.700000
1580320907.476832, -5.200000
1580320907.477308, -5.200000
1580320907.477758, -4.800000
1580320907.478216, -4.800000
1580320907.483090, -4.400000
1580320907.483661, -4.200000
1580320907.484144, -4.600000
1580320907.484595, -4.700000
1580320907.485039, -4.700000
1580320907.488307, -5.200000
1580320907.488878, -4.700000
1580320907.489373, -4.700000
1580320907.489834, -4.900000
1580320907.490278, -4.600000
1580320907.494832, -4.800000
1580320907.495325, -4.900000
1580320907.495787, -4.700000
1580320907.496236, -4.700000
1580320907.501035, -4.800000
1580320907.501570, -4.600000
1580320907.502031, -4.800000
1580320907.502480, -4.700000
1580320907.502938, -4.700000
1580320907.507486, -4.400000
1580320907.507963, -4.900000
1580320907.508427, -5.300000
1580320907.508942, -4.800000
1580320907.513746, -6.500000
1580320907.514234, -4.700000
1580320907.514740, -4.600000
1580320907.515202, -4.700000
1580320907.515659, -4.100000
1580320907.518958, -4.800000
1580320907.519466, -4.900000
1580320907.519963, -4.700000
1580320907.520419, -4.600000
1580320907.525216, -4.500000
1580320907.525743, -4.700000
1580320907.526202, -5.000000
1580320907.526645, -4.700000
1580320907.527102, -4.400000
1580320907.530425, -4.800000
1580320907.530932, -4.300000
1580320907.531399, -4.500000
1580320907.531877, -4.900000
1580320907.532369, -4.600000
1580320907.536959, -4.500000
1580320907.537448, -4.700000
1580320907.537950, -4.900000
1580320907.538399, -4.800000
1580320907.543150, -4.400000
1580320907.543689, -4.900000
1580320907.544149, -4.900000
1580320907.544592, -4.100000
1580320907.545042, -6.000000
1580320907.549621, -5.200000
1580320907.550147, -5.300000
1580320907.550610, -4.700000
1580320907.551068, -4.800000
1580320907.555859, -4.300000
1580320907.556324, -4.300000
1580320907.556755, -4.700000
1580320907.557168, -4.700000
1580320907.557579, -5.200000
1580320907.561100, -5.000000
1580320907.561646, -4.700000
1580320907.562117, -4.800000
1580320907.562546, -4.700000
1580320907.567340, -4.900000
1580320907.567888, -4.400000
1580320907.568382, -4.600000
1580320907.568908, -4.800000
1580320907.569397, -5.000000
1580320907.573803, -4.700000
1580320907.574332, -5.000000
1580320907.574801, -4.700000
1580320907.575248, -4.300000
1580320907.575697, -4.300000
1580320907.580378, -4.800000
1580320907.580895, -4.900000
1580320907.581349, -4.800000
1580320907.581807, -4.500000
1580320907.586524, -5.200000
1580320907.587056, -5.200000
1580320907.587525, -4.800000
1580320907.587977, -4.800000
1580320907.588427, -4.400000
1580320907.591744, -4.700000
1580320907.592290, -4.700000
1580320907.592781, -4.700000
1580320907.593238, -4.900000
1580320907.597991, -4.700000
1580320907.598528, -4.600000
1580320907.599079, -4.600000
1580320907.599562, -4.800000
1580320907.600020, -4.800000
1580320907.603208, -4.200000
1580320907.603723, -4.900000
1580320907.604230, -4.700000
1580320907.604687, -4.700000
1580320907.609465, -5.200000
1580320907.610027, -5.300000
1580320907.610489, -4.700000
1580320907.610946, -4.700000
1580320907.611398, -4.900000
1580320907.615928, -4.900000
1580320907.616456, -4.700000
1580320907.616926, -4.600000
1580320907.617374, -4.600000
1580320907.617824, -5.100000
1580320907.622483, -5.300000
1580320907.622986, -4.900000
1580320907.623438, -4.700000
1580320907.623885, -4.800000
1580320907.628651, -4.400000
1580320907.629262, -4.700000
1580320907.629782, -4.600000
1580320907.630267, -4.700000
1580320907.630724, -5.300000
1580320907.633863, -4.700000
1580320907.634351, -4.700000
1580320907.634809, -4.800000
1580320907.635260, -4.200000
1580320907.640117, -4.800000
1580320907.640646, -4.800000
1580320907.641115, -4.900000
1580320907.641565, -4.800000
1580320907.641987, -4.500000
1580320907.646576, -4.600000
1580320907.647008, -4.800000
1580320907.647420, -4.700000
1580320907.647842, -4.800000
1580320907.652831, -4.900000
1580320907.653319, -4.700000
1580320907.653746, -4.900000
1580320907.654160, -4.800000
1580320907.654565, -4.600000
1580320907.658040, -4.800000
1580320907.658468, -4.800000
1580320907.658950, -4.800000
1580320907.659403, -4.400000
1580320907.659855, -4.400000
1580320907.664620, -4.900000
1580320907.665107, -4.800000
1580320907.665583, -5.500000
1580320907.666035, -4.600000
1580320907.670803, -4.700000
1580320907.671392, -4.700000
1580320907.671862, -4.400000
1580320907.672319, -4.900000
1580320907.672769, -4.800000
1580320907.675994, -4.800000
1580320907.676540, -4.700000
1580320907.677035, -4.400000
1580320907.677495, -5.300000
1580320907.682248, -5.100000
1580320907.682799, -4.900000
1580320907.683292, -4.600000
1580320907.683766, -4.300000
1580320907.684209, -4.400000
1580320907.688754, -4.800000
1580320907.689317, -4.900000
1580320907.689791, -5.200000
1580320907.690234, -4.600000
1580320907.694958, -4.600000
1580320907.695489, -4.700000
1580320907.695955, -4.800000
1580320907.696403, -4.800000
1580320907.696859, -4.800000
1580320907.700179, -4.700000
1580320907.700685, -4.700000
1580320907.701145, -4.900000
1580320907.701632, -4.700000
1580320907.702084, -4.800000
1580320907.706711, -4.700000
1580320907.707196, -4.800000
1580320907.707642, -4.800000
1580320907.708086, -4.800000
1580320907.712908, -4.700000
1580320907.713475, -4.700000
1580320907.713954, -4.600000
1580320907.714400, -4.600000
1580320907.714850, -4.500000
1580320907.719380, -4.700000
1580320907.719931, -4.500000
1580320907.720393, -4.800000
1580320907.720847, -4.800000
1580320907.725614, -4.600000
1580320907.726110, -4.900000
1580320907.726626, -4.700000
1580320907.727085, -5.300000
1580320907.727557, -4.700000
1580320907.730839, -4.500000
1580320907.731369, -4.700000
1580320907.731832, -4.800000
1580320907.732297, -4.800000
1580320907.737080, -4.700000
1580320907.737566, -4.800000
1580320907.738030, -4.800000
1580320907.738482, -4.700000
1580320907.739060, -4.600000
1580320907.742298, -4.700000
1580320907.742752, -5.300000
1580320907.743164, -4.900000
1580320907.743574, -4.300000
1580320907.743988, -4.700000
1580320907.748875, -4.700000
1580320907.749339, -4.700000
1580320907.749759, -5.300000
1580320907.750168, -5.400000
1580320907.755014, -4.700000
1580320907.755440, -4.800000
1580320907.755853, -4.500000
1580320907.756264, -4.200000
1580320907.756680, -4.600000
1580320907.761512, -4.800000
1580320907.762064, -4.600000
1580320907.762537, -4.600000
1580320907.762993, -5.200000
1580320907.767747, -4.900000
1580320907.768276, -4.800000
1580320907.768789, -4.300000
1580320907.769280, -4.300000
1580320907.769748, -4.700000
1580320907.772961, -4.700000
1580320907.773491, -4.600000
1580320907.774006, -4.600000
1580320907.774472, -4.500000
1580320907.779213, -4.700000
1580320907.779736, -4.800000
1580320907.780213, -4.900000
1580320907.780663, -4.800000
1580320907.781112, -4.500000
1580320907.784425, -4.700000
1580320907.784913, -4.500000
1580320907.785369, -5.100000
1580320907.785811, -5.300000
1580320907.786254, -5.300000
1580320907.791033, -4.700000
1580320907.791483, -4.700000
1580320907.791897, -4.800000
1580320907.792309, -5.000000
1580320907.797137, -4.900000
1580320907.797564, -5.300000
1580320907.797979, -4.600000
1580320907.798388, -4.500000
1580320907.798869, -4.700000
1580320907.803616, -4.800000
1580320907.804046, -4.800000
1580320907.804458, -4.400000
1580320907.804868, -4.500000
1580320907.809865, -5.000000
1580320907.810361, -4.800000
1580320907.810794, -4.500000
1580320907.811213, -4.600000
1580320907.811621, -4.700000
1580320907.815076, -4.800000
1580320907.815504, -4.900000
1580320907.815918, -4.300000
1580320907.816328, -4.700000
1580320907.821332, -4.900000
1580320907.821794, -5.500000
1580320907.822216, -4.600000
1580320907.822627, -4.500000
1580320907.823032, -4.600000
1580320907.827796, -5.100000
1580320907.828225, -4.800000
1580320907.828631, -4.800000
1580320907.829120, -4.600000
1580320907.829555, -4.600000
1580320907.834390, -4.600000
1580320907.834819, -4.500000
1580320907.835239, -4.600000
1580320907.835650, -4.600000
1580320907.840545, -4.500000
1580320907.841108, -4.700000
1580320907.841551, -4.800000
1580320907.841963, -5.000000
1580320907.842376, -4.700000
1580320907.845733, -4.600000
1580320907.846165, -4.600000
1580320907.846649, -4.600000
1580320907.847194, -4.700000
1580320907.852003, -4.800000
1580320907.852495, -4.800000
1580320907.852914, -4.300000
1580320907.853317, -4.700000
1580320907.853733, -4.800000
1580320907.857196, -4.800000
1580320907.857620, -4.200000
1580320907.858034, -4.600000
1580320907.858440, -4.600000
1580320907.863470, -4.800000
1580320907.864046, -4.800000
1580320907.864492, -4.900000
1580320907.864905, -4.600000
1580320907.865317, -4.800000
1580320907.869947, -4.700000
1580320907.870518, -4.500000
1580320907.870997, -4.000000
1580320907.871447, -4.700000
1580320907.871904, -4.600000
1580320907.876450, -4.800000
1580320907.876938, -4.900000
1580320907.877387, -4.700000
1580320907.877834, -4.700000
1580320907.882653, -4.800000
1580320907.883199, -4.500000
1580320907.883667, -4.700000
1580320907.884125, -4.600000
1580320907.884568, -4.800000
1580320907.887874, -4.900000
1580320907.888400, -4.400000
1580320907.888941, -4.500000
1580320907.889441, -4.600000
1580320907.894113, -4.800000
1580320907.894645, -4.700000
1580320907.895114, -5.400000
1580320907.895565, -5.100000
1580320907.896014, -4.800000
1580320907.900796, -4.800000
1580320907.901754, -4.400000
1580320907.902611, -4.300000
1580320907.903440, -4.600000
1580320907.906917, -4.700000
1580320907.907824, -4.900000
1580320907.908756, -4.600000
1580320907.909653, -4.700000
1580320907.910516, -4.800000
1580320907.912229, -4.800000
1580320907.913164, -4.200000
1580320907.914051, -4.500000
1580320907.914883, -4.800000
1580320907.915717, -4.700000
1580320907.919093, -5.100000
1580320907.920017, -5.300000
1580320907.920863, -5.000000
1580320907.921716, -4.700000
1580320907.924900, -4.800000
1580320907.925795, -4.300000
1580320907.926667, -4.400000
1580320907.927516, -4.700000
1580320907.928352, -4.900000
1580320907.930212, -4.600000
1580320907.931130, -4.500000
1580320907.931966, -4.600000
1580320907.932801, -4.600000
1580320907.936335, -4.800000
1580320907.937194, -4.800000
1580320907.937987, -4.900000
1580320907.938944, -4.700000
1580320907.939766, -4.700000
1580320907.942883, -5.200000
1580320907.943683, -5.200000
1580320907.944478, -4.700000
1580320907.945263, -4.900000
1580320907.949031, -4.700000
1580320907.949960, -4.800000
1580320907.950823, -4.800000
1580320907.951678, -4.700000
1580320907.952512, -5.000000
1580320907.954327, -4.500000
1580320907.955183, -4.600000
1580320907.956043, -4.700000
1580320907.956874, -4.700000
1580320907.957677, -4.900000
1580320907.960974, -4.300000
1580320907.961798, -4.700000
1580320907.962594, -4.700000
1580320907.963377, -4.800000
1580320907.967038, -4.600000
1580320907.967954, -5.400000
1580320907.968885, -5.100000
1580320907.969737, -4.800000
1580320907.970530, -4.800000
1580320907.973569, -4.400000
1580320907.974371, -4.500000
1580320907.975157, -4.700000
1580320907.975945, -4.700000
1580320907.979736, -4.800000
1580320907.980687, -4.700000
1580320907.981538, -4.800000
1580320907.982373, -4.700000
1580320907.983228, -4.600000
1580320907.985024, -4.300000
1580320907.985918, -4.800000
1580320907.986752, -4.800000
1580320907.987581, -4.800000
1580320907.991159, -4.500000
1580320907.992122, -4.500000
1580320907.993008, -4.600000
1580320907.993860, -4.800000
1580320907.994689, -2.800000
1580320907.996460, -4.900000
1580320907.997360, -4.500000
1580320907.998220, -4.700000
1580320907.999255, -4.600000
1580320908.000095, -4.600000
1580320908.002841, -4.700000
1580320908.003332, -4.900000
1580320908.003794, -4.800000
1580320908.004244, -4.600000
1580320908.009033, -4.700000
1580320908.009585, -4.800000
1580320908.010048, -4.900000
1580320908.010492, -4.400000
1580320908.010945, -4.600000
1580320908.015491, -4.800000
1580320908.016016, -4.700000
1580320908.016482, -4.700000
1580320908.016935, -4.500000
1580320908.021754, -4.800000
1580320908.022306, -4.900000
1580320908.022773, -4.600000
1580320908.023222, -4.900000
1580320908.023678, -4.500000
1580320908.026956, -4.600000
1580320908.027472, -4.600000
1580320908.027944, -4.700000
1580320908.028389, -4.800000
1580320908.033209, -4.900000
1580320908.033768, -4.600000
1580320908.034234, -4.800000
1580320908.034687, -4.600000
1580320908.035134, -4.600000
1580320908.039676, -4.600000
1580320908.040216, -4.900000
1580320908.040678, -4.900000
1580320908.041131, -4.400000
1580320908.041621, -4.700000
1580320908.046261, -4.700000
1580320908.046753, -4.700000
1580320908.047213, -4.800000
1580320908.047656, -4.500000
1580320908.051157, -4.700000
1580320908.051713, -4.700000
1580320908.052170, -4.900000
1580320908.052616, -4.900000
1580320908.053069, -4.400000
1580320908.057608, -4.500000
1580320908.058089, -4.800000
1580320908.058548, -4.700000
1580320908.059109, -5.200000
1580320908.063862, -4.600000
1580320908.064307, -4.700000
1580320908.064722, -4.600000
1580320908.065133, -4.700000
1580320908.065592, -4.800000
1580320908.069080, -4.800000
1580320908.069560, -4.700000
1580320908.069983, -4.700000
1580320908.070393, -4.600000
1580320908.075320, -4.800000
1580320908.075749, -4.600000
1580320908.076162, -4.600000
1580320908.076574, -4.300000
1580320908.076979, -4.300000
1580320908.081820, -4.700000
1580320908.082386, -4.800000
1580320908.082853, -4.600000
1580320908.083309, -5.200000
1580320908.083784, -5.100000
1580320908.088423, -4.800000
1580320908.089001, -4.800000
1580320908.089500, -4.400000
1580320908.089948, -4.900000
1580320908.094536, -4.800000
1580320908.095089, -4.800000
1580320908.095549, -4.700000
1580320908.095996, -5.300000
1580320908.096450, -4.100000
1580320908.099776, -4.800000
1580320908.100343, -4.800000
1580320908.100842, -4.900000
1580320908.101295, -4.800000
1580320908.105987, -4.900000
1580320908.106521, -4.700000
1580320908.106979, -4.800000
1580320908.107436, -4.600000
1580320908.107879, -4.800000
1580320908.112487, -4.800000
1580320908.113055, -4.800000
1580320908.113524, -5.100000
1580320908.113975, -4.400000
1580320908.117454, -4.700000
1580320908.117985, -4.600000
1580320908.118471, -4.600000
1580320908.119045, -5.300000
1580320908.119531, -5.100000
1580320908.123928, -4.900000
1580320908.124461, -4.700000
1580320908.124928, -4.300000
1580320908.125371, -4.400000
1580320908.125828, -4.800000
1580320908.130496, -4.700000
1580320908.131012, -4.700000
1580320908.131469, -4.700000
1580320908.131923, -4.500000
1580320908.136653, -4.700000
1580320908.137178, -4.700000
1580320908.137643, -4.300000
1580320908.138092, -4.300000
1580320908.138543, -4.800000
1580320908.141865, -4.700000
1580320908.142397, -5.100000
1580320908.142859, -5.300000
1580320908.143316, -4.900000
1580320908.148113, -4.800000
1580320908.148654, -4.500000
1580320908.149230, -4.200000
1580320908.149687, -4.500000
1580320908.150135, -4.700000
1580320908.154587, -4.700000
